unfair_diff: 0.2451388888888888
unfair_ratio: 1.4011363636363634
unfair_var: 0.2901234567901234
unfair_accuracy: 0.8361073037008028
fair_diff: 0.21319444444444446
fair_ratio: 1.3197916666666667
fair_var: 0.22490706319702602
fair_accuracy: 0.8208341492069708
interior_classifier: rf 
multiplier: 50 
main_state: 579
    