unfair_total_diff: 0.06972524895640231
unfair_ratio: 1.1035021861671162
unfair_variation: 0.2815060183481236
unfair_accuracy: 0.82472
fair_diff: 0.07309990724868409
fair_ratio: 1.102349413216989
fair_variation: 0.23558595400700666
fair_accuracy: 0.83072
interior_classifier: rf 
multiplier: 20 
    