unfair_total_diff: 0.06479347451453643
unfair_ratio: 1.0755563905588956
unfair_variation: 0.16927091888695422
unfair_accuracy: 0.8436
fair_diff: 0.07016963894439665
fair_ratio: 1.0859813614385807
fair_variation: 0.16228206241856424
fair_accuracy: 0.83136
interior_classifier: rf 
multiplier: 20 
    