,2.0,0.0,1.0
1.0,0.8215113583681039,0.9327731092436975,0.8536585365853658
0.0,0.7911809427268119,0.8974732750242954,0.7570569180934752
