
accuracy: [0.7287021311565223, 0.7344546102010628]
diff: [0.07016154369796307, 0.09989965050693794]
ratio: [1.1510143702451396, 1.2262627845918728]
var: [0.7805656886848747, 0.7779222271797007]
    