accuracy: [0.66124927]
diff: [0.11576808]
ratio: [1.24485461]
var: [0.36351379]