accuracy: [0.66555708]
diff: [0.15578108]
ratio: [1.32402464]
var: [0.36222711]

accuracy_mean: 0.6655570785196788
diff_mean: 0.15578107723898277
ratio_mean: 1.3240246406570841
var_mean: 0.36222711429095583
