accuracy: [0.76280112 0.76166667]
diff: [0.06524112 0.06648907]
ratio: [1.87640068 1.79667821]
var: [0.90541293 0.90624721]