unfair_total_diff: 0.022822005572697535
unfair_ratio: 1.0327571853320119
unfair_variation: 0.26718795039381393
unfair_accuracy: 0.8236
fair_diff: 0.01703249482018998
fair_ratio: 1.0241097707744045
fair_variation: 0.25598972758281313
fair_accuracy: 0.82272
interior_classifier: rf 
multiplier: 20 
    